27.5060631518138         6.877556722956525        1.2804004841728096       0.40862376213630347      0.020180531747375555     0.4143924843737005       
6.877556722956525        33.938302680933525       0.9234614733828765       0.36360325786160347      -0.7862385367676227      0.7284194746716073       
1.2804004841728096       0.9234614733828765       20.359070830181615       -0.0888054821710298      0.07025669237951188      -0.6668522865048641      
0.40862376213630347      0.36360325786160347      -0.0888054821710298      1.3192637865216905       0.32559993204986365      -0.5515328478514947      
0.020180531747375555     -0.7862385367676227      0.07025669237951188      0.32559993204986365      1.4485969107801793       0.1656294066513131       
0.4143924843737005       0.7284194746716073       -0.6668522865048641      -0.5515328478514947      0.1656294066513131       10.691043823794098       
