14.123813560497581       2.542582764114783        0.1562843750221081       0.0005568705368970521    0.4234322667731093       0.1897738116100885       
2.542582764114783        20.016350466214615       -0.06715323851633964     0.38426683938698214      -0.11294047754271695     0.3671736441014861       
0.1562843750221081       -0.06715323851633964     9.847363428365801        -0.10591225922422731     0.11713393577538192      -0.1332447771138469      
0.0005568705368970521    0.38426683938698214      -0.10591225922422731     0.40796573892146515      0.11542024829099184      -0.04046939292520754     
0.4234322667731093       -0.11294047754271695     0.11713393577538192      0.11542024829099184      0.5469663642280582       -0.07018724226788717     
0.1897738116100885       0.3671736441014861       -0.1332447771138469      -0.04046939292520754     -0.07018724226788717     5.685455178720388        
