13.433502131256295       2.2590852420586884       0.1539568272058654       -0.049112267405385046    0.3729769368116037       0.2724420282283439       
2.2590852420586884       19.661266837598312       -0.028163092707378726    0.2791994414764068       -0.13534833842987193     0.3696042566240616       
0.1539568272058654       -0.028163092707378726    9.570188934298637        -0.09731516553178735     0.1479567840118335       -0.13914166830938635     
-0.049112267405385046    0.2791994414764068       -0.09731516553178735     0.4160964409200155       0.1108473191428703       -0.05573445896944876     
0.3729769368116037       -0.13534833842987193     0.1479567840118335       0.1108473191428703       0.5073253208991529       -0.0587490292959299      
0.2724420282283439       0.3696042566240616       -0.13914166830938635     -0.05573445896944876     -0.0587490292959299      5.410524746309163        
