11.600257344165803       1.4426356812610814       0.130898671603061        -0.11166187735015418     0.49308638750154565      0.1539426349622548       
1.4426356812610814       16.61815251721443        -0.21822165309888802     0.29728980172009617      0.03375048314472909      0.2432327717140361       
0.130898671603061        -0.21822165309888802     8.484045695163962        -0.12898839366543235     0.2371098964345978       -0.14771670099501472     
-0.11166187735015418     0.29728980172009617      -0.12898839366543235     0.29269667597729926      0.12548014591117918      -0.03479437725527839     
0.49308638750154565      0.03375048314472909      0.2371098964345978       0.12548014591117918      0.42830533338105997      -0.018018984384559948    
0.1539426349622548       0.2432327717140361       -0.14771670099501472     -0.03479437725527839     -0.018018984384559948    4.741221938764924        
