11.329332592041077       1.3362762152166328       -0.03465527830959572     -0.0869245172799084      0.5628633754824502       0.3096565442221934       
1.3362762152166328       16.641144519480854       -0.3168126199299943      0.34801643604675453      0.06567533846707527      0.30745063040616916      
-0.03465527830959572     -0.3168126199299943      7.987572642110061        -0.08600267787622067     0.2436380315868614       -0.1380182710588701      
-0.0869245172799084      0.34801643604675453      -0.08600267787622067     0.2580197727290089       0.12838651288501818      -0.016331862137072016    
0.5628633754824502       0.06567533846707527      0.2436380315868614       0.12838651288501818      0.38492158964686457      -0.014531531431038611    
0.3096565442221934       0.30745063040616916      -0.1380182710588701      -0.016331862137072016    -0.014531531431038611    4.6750714961014195       
