9.647510369297843        0.8933452793093999       0.13511724630652922      -0.11110653079115833     0.4927381775317556       0.10672484195096169      
0.8933452793093999       14.826288323097081       -0.24776717123488612     0.34923580299374823      0.15128419916653785      0.09042683264324003      
0.13511724630652922      -0.24776717123488612     7.362070863069558        -0.04998121925643        0.268666766982238        -0.21608114934124073     
-0.11110653079115833     0.34923580299374823      -0.04998121925643        0.17420702913679337      0.11449517831171041      -0.016854929632152717    
0.4927381775317556       0.15128419916653785      0.268666766982238        0.11449517831171041      0.2580662619789824       0.040296316934304514     
0.10672484195096169      0.09042683264324003      -0.21608114934124073     -0.016854929632152717    0.040296316934304514     3.915593753782987        
