9.334638928535663        1.0587395722988306       0.5884614103168235       -0.002768636581317357    0.03936713346415547      0.11539723679774955      
1.0587395722988306       13.906195921114959       -0.0783050718318166      0.10047469117165268      0.01549559872105944      0.09137480364267227      
0.5884614103168235       -0.0783050718318166      7.288264812771284        0.0033096522116608006    0.0012403389412461627    -0.023052978217362227    
-0.002768636581317357    0.10047469117165268      0.0033096522116608006    0.061399698282882345     0.027754817903663274     -0.03230547367705822     
0.03936713346415547      0.01549559872105944      0.0012403389412461627    0.027754817903663274     0.21176143852523002      0.03471029788358881      
0.11539723679774955      0.09137480364267227      -0.023052978217362227    -0.03230547367705822     0.03471029788358881      3.2951820872987403       
