8.697498362234093        0.947805163922053        0.5747965579168547       -0.03275544509846874     -0.06573087358861687     -0.05516296110612334     
0.947805163922053        13.065780584703642       -0.007141550063359356    -0.17764509243638033     -0.0856892168309469      -0.03642048043620884     
0.5747965579168547       -0.007141550063359356    6.5117258374520395       -0.005411467718640152    0.014924811103594596     -0.01248190135784236     
-0.03275544509846874     -0.17764509243638033     -0.005411467718640152    0.04039378919877978      0.004593198441329624     -0.003098151722867706    
-0.06573087358861687     -0.0856892168309469      0.014924811103594596     0.004593198441329624     0.1783762889981816       -0.09331983585600619     
-0.05516296110612334     -0.03642048043620884     -0.01248190135784236     -0.003098151722867706    -0.09331983585600619     3.056161041999403        
