8.360341550143659        0.7912588576966795       0.4993582417129586       -0.0428822276599026      0.015499615234904177     0.04200874972817492      
0.7912588576966795       12.508251296653329       -0.06660191879118779     -0.13732694216901217     0.047698783872385145     0.005260711760156687     
0.4993582417129586       -0.06660191879118779     6.397753552318095        0.009917721904042762     0.032692878608358775     -0.04040478821127213     
-0.0428822276599026      -0.13732694216901217     0.009917721904042762     0.04520680524416006      0.0067100012312766       -0.010216130502900302    
0.015499615234904177     0.047698783872385145     0.032692878608358775     0.0067100012312766       0.2110116483921598       -0.04946497161761441     
0.04200874972817492      0.005260711760156687     -0.04040478821127213     -0.010216130502900302    -0.04946497161761441     2.8416879474006937       
