30.149178860528217       7.877165853243162        1.5798261618678828       0.4262891303994656       0.04990153124175606      0.44275002642581196      
7.877165853243162        36.45029906694337        1.2524552873232533       0.3324880119878937       -0.8303672586473678      0.895480014967831        
1.5798261618678828       1.2524552873232533       22.610418210791064       -0.15016585874284244     0.07264677883346848      -0.7230958327939141      
0.4262891303994656       0.3324880119878937       -0.15016585874284244     1.4797059270310937       0.35526637552030527      -0.647061100068625       
0.04990153124175606      -0.8303672586473678      0.07264677883346848      0.35526637552030527      1.513245741051602        0.2178620173766528       
0.44275002642581196      0.895480014967831        -0.7230958327939141      -0.647061100068625       0.2178620173766528       11.62881941646063        
