20.718517895758477       4.169134959049746        0.2748585564772139       0.29315094002991415      -0.012452753068616401    0.4148797001164466       
4.169134959049746        26.901792033481698       -0.09272505407381014     0.4249178305678706       -0.7604273206808831      0.46121194451948355      
0.2748585564772139       -0.09272505407381014     15.132755028802501       -0.05030694330722306     0.08193860862265687      -0.5412703480154829      
0.29315094002991415      0.4249178305678706       -0.05030694330722306     0.8932001749671452       0.2539894198072272       -0.2972137436124598      
-0.012452753068616401    -0.7604273206808831      0.08193860862265687      0.2539894198072272       1.0718685534562657       0.0001797676949392528    
0.4148797001164466       0.46121194451948355      -0.5412703480154829      -0.2972137436124598      0.0001797676949392528    8.289031350539942        
