24.424748883651294       5.718129927204079        0.8779767547367423       0.32240971499699245      0.03929036240044061      0.5830077056447068       
5.718129927204079        31.101221117379893       0.5437699415576034       0.3183708046214797       -0.7321467166773269      0.6798455165357196       
0.8779767547367423       0.5437699415576034       18.18328861943063        -0.12685583408382028     0.11293696075852443      -0.5865282867837885      
0.32240971499699245      0.3183708046214797       -0.12685583408382028     1.1795861331134676       0.29425524495420735      -0.45707119046284317     
0.03929036240044061      -0.7321467166773269      0.11293696075852443      0.29425524495420735      1.3167068745107056       0.09831215924644555      
0.5830077056447068       0.6798455165357196       -0.5865282867837885      -0.45707119046284317     0.09831215924644555      9.683943461897885        
