17.562810815749753       3.7975005216282414       0.29274571074989464      0.023439842453877684     0.20814769614833578      0.2454870747290841       
3.7975005216282414       23.513926665660826       0.04025746708496675      0.2791963702600089       -0.43017057472201353     0.36437459252264426      
0.29274571074989464      0.04025746708496675      12.176509402426031       -0.12608032134395786     0.01815194571208166      -0.27076675894597424     
0.023439842453877684     0.2791963702600089       -0.12608032134395786     0.6189505403392556       0.15112821630493486      -0.13198792264547085     
0.20814769614833578      -0.43017057472201353     0.01815194571208166      0.15112821630493486      0.6407179923632343       -0.08979923956744768     
0.2454870747290841       0.36437459252264426      -0.27076675894597424     -0.13198792264547085     -0.08979923956744768     6.807380851188906        
