15.065053429427849       2.982604849587429        0.2684888598606735       -0.06127851128425188     0.359676229623631        0.2426947205842392       
2.982604849587429        20.7469375252637         0.020592557116779413     0.2664488186216351       -0.21148940796788526     0.34728529965591187      
0.2684888598606735       0.020592557116779413     10.166373952690613       -0.16899128372844385     0.06689520565802863      -0.1560693963969836      
-0.06127851128425188     0.2664488186216351       -0.16899128372844385     0.47211779088478356      0.12352492129733209      -0.06006485840860111     
0.359676229623631        -0.21148940796788526     0.06689520565802863      0.12352492129733209      0.558048808625878        -0.08492728689598772     
0.2426947205842392       0.34728529965591187      -0.1560693963969836      -0.06006485840860111     -0.08492728689598772     5.959030044414667        
