12.848250603653495       2.076989420740261        0.11829445160177274      0.006751271925262141     0.44612634385049943      0.285191238747894        
2.076989420740261        18.535624716488975       -0.1179637666347166      0.3888215208162134       -0.02641233493829893     0.2927626289716676       
0.11829445160177274      -0.1179637666347166      9.090040639001819        -0.05930169702416418     0.17578652213042997      -0.13840163630967806     
0.006751271925262141     0.3888215208162134       -0.05930169702416418     0.368504826563855        0.12514535934536514      -0.014603961243371849    
0.44612634385049943      -0.02641233493829893     0.17578652213042997      0.12514535934536514      0.48565397564462937      -0.0448802409548633      
0.285191238747894        0.2927626289716676       -0.13840163630967806     -0.014603961243371849    -0.0448802409548633      5.214804696635707        
