12.25980995502423        1.7449816672528125       0.10738770031280263      -0.014015734709795145    0.4862531924797402       0.06765596717961195      
1.7449816672528125       17.71351373295378        -0.1610257409778109      0.3625508173928971       0.024659796673441925     0.2591644444852647       
0.10738770031280263      -0.1610257409778109      8.822672724929907        -0.10475509859024727     0.27127856428849595      -0.2027439289535009      
-0.014015734709795145    0.3625508173928971       -0.10475509859024727     0.32113556172486707      0.12657316153931722      -0.0322374418416065      
0.4862531924797402       0.024659796673441925     0.27127856428849595      0.12657316153931722      0.4511035827560038       -0.05564521514602423     
0.06765596717961195      0.2591644444852647       -0.2027439289535009      -0.0322374418416065      -0.05564521514602423     5.061331102058663        
