10.341835223736442       1.0750556468745196       0.009386149546084766     -0.09042885184122762     0.46466503494657174      0.18838273733410255      
1.0750556468745196       15.687027597742588       -0.2728810272640285      0.32468573964457226      0.04153503500213035      0.23367320848327983      
0.009386149546084766     -0.2728810272640285      7.728078442303064        -0.18566741265054781     0.2177181911036229       -0.16931925175407242     
-0.09042885184122762     0.32468573964457226      -0.18566741265054781     0.2127900529035217       0.12150545087174952      -0.03702828020510126     
0.46466503494657174      0.04153503500213035      0.2177181911036229       0.12150545087174952      0.3171902327608353       0.01569206267116675      
0.18838273733410255      0.23367320848327983      -0.16931925175407242     -0.03702828020510126     0.01569206267116675      4.227549238304728        
