8.895422273356791        0.9315223420599468       0.6460330644127306       0.0027600855557418165    -0.025583189029415858    0.00533654443051142      
0.9315223420599468       13.3232907218173         -0.06783175757936545     -0.11107572124252157     0.10909649097203766      -0.025825847222711543    
0.6460330644127306       -0.06783175757936545     7.030275291995319        -0.10817558095898486     0.005388230263671573     0.014131823726475503     
0.0027600855557418165    -0.11107572124252157     -0.10817558095898486     0.03659893640031843      0.015267959769894878     0.013032678840746222     
-0.025583189029415858    0.10909649097203766      0.005388230263671573     0.015267959769894878     0.19239243199232892      -0.06693352845810699     
0.00533654443051142      -0.025825847222711543    0.014131823726475503     0.013032678840746222     -0.06693352845810699     3.1064949443068794       
